20353877
13770733822
13655173560
13865269231
13958079202
15051880166
20561777
00080899
00223699
00605599
00925999
20029977
20179277
320423197408187634
320483198308202818
320524196307190532
321002197704225516
321121197307270019
330222197102154711
18655561186
18761568072
110102196307042354
320402197802170813
320421196808230219
13405561549
13605557555
13806092194
13814049646
15995778655
18796633713
362531195910120027
00086799
20010377
20225377
120103197907267074
320106198004050422
320322196910192512
320381198202030650
320624196310251928
341127197904250018
13062969888
13705769817
13721050015
13913967893
13952670360
13961433272
50005688
532124198410230416
00050299
00153799
00720099
00727299
20589377
321102198911191523
321123197312080853
330722197711217949
340502196111180012
342601198307021013
350123198109083011
320626196211076418
320683198203160026
320882198607241214
320911197202026351
320922196112250864
321083196202104531
13991250002
15555535248
18355101199
18621968088
320421197610018532
320483198610166512
13182589566
13855572027
13966388238
15067602221
18905268787
320811196508210012
00708699
00715899
20313277
20395777
20616677
321284198705177413
321284198706090010
330727199109071220
332603197508132971
410103197604081335
510282198106088031
13376083952
13584337454
13641795027
13902473233
15190817982
15755556666
20232977
20332177
20360177
20612277
N0000000-2054225245
340121199109060020
622821195804200493
00030799
00235899
20000177
20058077
18360697328
18601779211
320305198604131220
320704197803302521
320924198709180012
331003198305133131
13505576699
13635555717
13770550462
13816592064
13861250268
320625196412232679
20368877
20370677
20683277
00693099
00713699
20102077
20169177
20308377
20328777
320723197602035278
320919196911290469
421125197603232024
00093399
00231299
00560899
13305163551
13401674853
13697948333
13918819310
13926291155
15162106996
00635899
00911899
20097577
20311677
20726277
N00000000-872931212
321281198905018098
341102199312216221
34112619770606623X
350722198404252312
00527099
00582799
15655574000
18663689760
18701957757
130102197710141510
320283198901154238
320624197008296759
13605553303
13706111779
13775633709
13851601331
13852613266
13866980206
20182777
20399977
18761555710
320421197010081546
350111198906015024
00379699
00387099
20029377
13880555736
13901327113
13927455050
13952510661
15895879781
18647220257
13426270081
13813188012
13851523216
13861087818
13905550748
13965677138
20126377
20259677
20365877
N000000000897156996
N0000000-2057105389
00537199
00719799
00879599
00882999
00889199
20102677
15955248891
130902196302040920
320102196302010811
320113198110312442
320525198811118033
321102198409026338
13155503000
13453175139
13685693379
13817358715
13851747599
15051861330
1143772740
20119677
15951752385
18652991984
321123195709276230
332601196202260017
34052119820301401X
341225197603105119
13515257530
13851846346
13901509226
13951873516
13961195463
15901755137
20653977
N0000000-2054285965
00173899
00655799
20083277
20178177
20197177
20302277
321028197111100025
342623197302100154
350104197605050012
350122197610141317
612133197901255132
00031199
15951165726
18609618080
18913951002
211322198210064784
321020196912041218
32102819470905383X
13355656802
13605558157
13679288162
13815878448
13905186697
13913837995
20535777
420281198903196141
00200199
00760899
20011177
20155777
20528977
32120219870423301X
330622197207041416
340123198704022086
340505196002120415
340505196510280036
342601196812205033
15195841984
15195961666
320102198406230826
320826197712245414
320926197904237828
320981192601207474
13575807798
13585456666
13628632345
13770843927
13915973325
13955545418
20096077
20190377
20358277
20521777
20682177
N000000001144790340
320723198403132624
320882198308214013
321087196301297653
321181198411103529
342601197502270219
441900197204110230
13961014045
18606126096
18767955999
232025198801213516
320105198007260816
320311198801035542
02586600378
13338189910
13806114462
13852668808
18052013889
18861090188
50002388
20081677
20331777
20339277
20386177
20500577
20618877
330283198708287233
330402195606210015
332602197509051851
360621197103040012
00197799
00875299
320223196411254134
320421197902222113
320821198111111501
320919197111123472
320926198108210442
32098119920113421X
13401386851
13685919727
13815909222
13817589811
13917367703
13937156901
00789599
20373777
20508277
340823197401070017
362330194803120011
362330199211297131
00388099
00631099
00771299
340223196112106418
340304199007120015
340504196709260212
340505197203160629
340521197604102892
340521199010072373
15005159925
15151819269
15996326557
18255579190
320423196811220444
331003198310222972
13705262201
13809018259
13815960411
13906234287
13921276033
15996213642
20666977
20673777
20750177
00889799
20183677
20220077
20329577
20331577
20580877
340826198009171810
342423197206256174
342522196912273910
00539199
00810299
00817799
320723198004194812
320823196412230305
320924197810071713
321181197509172069
340503198701140614
340505197412260052
18255160802
18915896669
18918160567
320106195411021617
320121196010030019
320123198703260839
15151863352
15366339298
18600237806
320423197010302225
320923198308120311
340505196008210641
20638977
N0000000-2057569037
00160099
00218999
00253899
00519899
20069877
20076177
13806105897
13955580255
13956618179
15895868550
18018234566
18751999234
20177577
20568177
20598277
N000000001141682324
41152119880131701X
00507599
00767299
00881099
20098277
20117577
320102198007151610
320106194712272079
320924197104170271
321111198305116124
330183198301280616
33262319771126457X
13057620048
13430982446
13505267177
13586137777
13601593598
13951972079
20522777
00011099
00583699
00757999
20058877
20136577
20225077
321083197707050334
321181198012071814
340503195907150232
340521196301280021
342601198506040233
342601198811012116
13952639884
13956650817
15056940516
142730198904042541
320107196911182637
320422197212030102
13701485521
13914403990
13915071927
13962525704
15380898971
18795963492
20697877
20698577
430221197411164718
00151999
00581799
00650999
00777299
00899899
320106195309062877
321083197210115198
321087197405010017
321281198704117452
342422197807263314
342524197311131711
13003184037
13205649236
13468828487
13584291666
13806155126
13851502928
20152677
20182277
20507177
20580677
20693777
00078799
00787999
00801999
00850799
20061177
20095077
120103199203133827
321028197209153651
321119197505100406
340521198904291028
34112219791119522X
35052219670110851X
13856531111
13891421878
13901434126
15806125610
15850589200
18055581633
13013116115
13311773392
13611525099
13801787732
13806105128
13809098966
341126197102096729
342626198208054175
00092099
00863099
20292877
20722177
18955578922
18955596033
320621198711035134
32082519810713612x
32120219911002002X
340503195807160214
13605554788
13701606306
13913029977
15965874444
18009778899
320211198009053418
00573599
00762899
20106777
N00000000-647586076
321028196304254456
321087197709162837
340321196601231810
511302198201020312
00536699
00561099
13605172090
13662098858
13705158757
15151451572
15156311488
15212077784
20298077
20330977
20397777
20596577
20631777
610424198301046591
612525197407190419
00052099
00523799
20018877
20108677
320421197682240918
321111196403032929
330382198601212222
360302198009153028
440525197208114110
450205198403310015
15862022083
18755577888
13043519870808181X
220221198611101944
310104195811232435
320106194903061629
13750827464
13852645551
13912119333
13952036090
18625026848
18655519946
20285977
20322977
20685677
00202799
00727799
00797099
00951199
20156777
20180377
332603196809082272
34050519610306001X
342625196609032430
41142219890515181X
420702196808106980
00061799
18928178669
320102196210051253
32042119681126855X
320421197005137031
320921198011100632
321028195401294017
13770034855
13905552238
18841536883
222401196703221837
320421196910248511
32072219820706128X
00389299
20085177
20123977
20176377
20506377
N000000001142214836
32072319800115521X
32118319930607003X
321284198008261011
340104196302232090
370122197106086527
412924197807200119
13092270808
13295555888
13587081780
13775070357
13815960557
13865376978
20175977
20193877
20209377
20503177
20533977
20710877
342531198706285211
342601197107160217
370212199512232528
411421198505074599
00105599
00718199
320483196602288537
320522197211220516
320826196909260058
321026197909231216
321083197406058092
340123198802105432
13905556855
13910594111
15295221106
15905240555
18602577777
18951975789
13347883581
13625658835
13901068239
15206157758
18226135770
18652540125
00761999
20255877
20512177
20670877
330702197410143223
34012219910619541X
34250119870618421X
342921198804053747
610104196609036153
00002199
130602195107031219
320102196804051218
320103195407060518
320103196804182054
320113198102152418
321202199711111517
13773077296
13775683737
13815967012
13913688928
15952589153
15961229722
00808699
00875699
20360877
340403198602211223
341202198805121758
370825197407070761
00335699
00336899
00776999
18205145433
18602501628
140424198709133610
320106196601063249
320922198307027821
32132219750222201X
13511670976
13776661113
13851863808
13951841188
15236946582
15261009422
N0000000-2054145773
00902999
20053077
20167977
20666577
20678877
20680077
350321197701063013
360782198504234814
00055799
00095999
00211099
00580199
18961168018
310115199211163218
320105195812220610
320421196309068819
320624197705253869
340503198008100286
15950339990
18005236118
18655323088
18852118332
18912100458
18951919090
13033102188
13063333311
13685291616
13705176168
13775178286
13806127119
00809599
20300177
20522677
20597377
342601195612220656
371329198605221819
421003198506212364
00521799
00577399
00763399
32040519660401061X
320421197905082830
320821197612050757
320922198508063626
33262119730404709x
34050519750210001X
13813045333
13813561388
13861190378
15895901018
232025198801213523
232025198801213532
13814048813
15150596958
18662721021
310104195209252839
320621196508095714
321020196304141813
20705877
00210099
00751999
20028977
20031677
20051977
20127877
321088196811126316
332603197003123295
332625197407101816
340322198512120815
342601197910204389
511323198712014012
13295550689
13675115067
13815953088
13901161565
13905168190
13906287616
00732599
20322577
20359077
20555577
20637977
340321198406121156
340503196303080258
360602197507142518
411024197307160958
00627399
00731199
18955595863
320106196305081231
320421195904158515
32091119830128537x
320923199309280071
321025197701062410
13914777113
13921712233
13961426300
15371591888
18655389595
18900559999
13151269997
13205552700
13563267578
13770812601
13775296837
15851003555
N0000000-2054366845
00387299
00538099
20371677
20625577
20672677
N0000000-2054028125
342224199001120614
342921198410084620
37072819690929457X
00058999
00089099
00175699
321181197410136316
32132419930428502X
330683198802256419
340821197611205116
341122196910230017
342129197212243013
15895929596
15905107006
18905289799
320103198201231514
320421196904050517
321028196602085611
13584509855
13898702638
13903160582
15951149099
18015880820
18961385263
20665577
00800399
00857099
00863699
00912599
10000270
1144097476
320103195709011586
320911198310054629
340504196401210040
341124197605137614
00586599
00758599
13729870148
13917939993
13951210405
15156521828
15950142685
18636381353
20663377
20721777
342225196709178021
00105799
20003777
20280377
20295777
20536977
320106196311253239
320122197207281226
320682199102099113
321082198110120350
321124195111214015
321284198701013542
13067220002
13501700920
13560166668
13605190275
13775050140
13806123467
20661077
N000000001142536708
N0000000-2054577533
00885599
20105277
20301977
20360777
20367577
20658877
320483198101290937
00058899
00163999
00175299
00352799
00522199
13901436707
15195764785
18651141577
18688966534
110102197610030027
320123197005042813
13040125558
13057576339
13074698296
13775790900
13832824389
13861500260
20210277
20596977
00375699
00379899
00752999
00789299
20090877
20177077
320106195304062050
320831198705190019
321020197404100634
330326197208076310
429004197602201330
610403199001013037
13902477049
13902802933
13956621866
15380056767
18306282211
310229197011090610
13040612029
13955576388
13955803066
13968686877
15005187716
18652009800
00918899
00952999
20260177
N0000000-2054438365
610582198412291011
00236799
00522099
00692799
00719999
00858599
320586198711138849
32068319820101202X
330182197612040045
342601198507140412
350583198902208914
410825198302080522
13166078777
13585252856
13615216801
13770502638
13813078675
13901208883
20370877
20380077
20398377
20551177
20558577
00838599
00859199
20159677
20185077
20331677
20357277
320802197301201520
340202196902181213
34050319690617021X
412702198510045539
00060299
00621899
15010053275
15193979843
15251299959
18651607191
18755542757
320404196912174118
13052474949
13605550723
13815981376
13852860084
13970811198
18661202266
20206577
20389077
20526677
20567577
N0000000-2054037197
340505196705241619
412726198510051694
422723196411280044
00030399
00072999
00925699
152104199205051212
320106196302162044
320106197909142028
320113196404252431
320483198901050915
330281198612194136
13425568081
13501846020
13625113680
13714336201
13801481735
13921060007
N0000000-2054584365
20290177
20291377
20628377
20631677
20679177
20700577
00018299
00027399
00071699
00520399
00755199
20060577
15195237788
18014857728
18651816383
18955579909
321183198906102045
330325197507122915
13309888407
13675119085
13851800916
13955576777
13962386880
13965396776
20200377
20578577
00071599
00173299
00371699
00371899
00559599
00721199
340504198302260025
340505197012160036
340521197907055413
340602198708010037
360429199006152513
432025198801213552
15335177508
15951177999
15996499078
320402198804242810
320481198512315446
321020197411180636
13016712666
13215551666
13327809061
13588122266
13607312699
13802968460
00756899
20300977
20599077
20629077
N000000001144189428
33260319730104427X
342225197112208026
360103197711051735
00163199
00166399
00507999
18752647305
131126198405063655
220104197805123336
320683198103010215
321028197908262443
330782198811143554
13809008798
13818883847
13912978675
15251875999
18086016400
18663105017
13615659080
13763333120
13914709877
15851855388
320721198411143219
321023196912223213
20622177
N000000000896166404
N000000001145408788
321182198806021719
332603197201062833
00170399
00237399
20251977
20579977
13057628867
13357732263
15061097727
18255338157
18651837338
18951618052
20399077
20502177
20561977
20592077
00588399
00751199
00796199
00802899
20026977
20356077
321084197702146712
330326197109142618
370122196910026539
410184198805206918
00568999
00581599
13500535511
13805143355
13809072570
13855352293
15800131688
15891788997
20099377
20155977
20170277
20252977
20532177
321323198809122516
00376899
00555299
00619599
00717099
00777099
18625161181
110111198812228219
320103196105180519
32010619890629002X
32082119790824231X
321284198701051071
13018899332
13182975292
13222569999
13605559380
13901505442
13951772957
20600777
N0000000-2054333021
00696699
00788799
00831599
00923099
20012077
20302677
320482198811125307
320483198308138211
320923197612103319
321028195206213410
00106299
00328699
13971296011
15251098555
15955530037
15961700362
232326198404212327
320421197707055049
13127557238
13952050647
18061088518
18112331288
18651628600
232025198801213515
20250077
20623777
20627777
N0000000-2054265949
340505197003150813
340803198108022349
342225197007060015
432524197407223241
00539299
00570299
320322196810140643
320421196612308539
321020197709012715
32108719660819021x
321183196511245915
330326198512182411
13776517776
13813697713
13855591934
13961229310
15936037509
18921328069
20638677
00138799
00583199
00727399
20539877
20552777
20622877
320421197107298717
320421197411191914
320423195207050632
320682199007021553
321202198710273018
340821197511110312
13205637759
13382568888
13407583666
13653167021
13705553688
13705559197
20751577
321123198108255518
34212719790708751X
372924197910142719
20101077
20260377
20337677
13918713101
15077880063
320106197404030450
320421196402060715
320483199012250911
32068219860407099x
00000000000
13032527333
13951099391
13961093833
15951159666
18256536308
340825197403094314
00595099
00779999
20213777
20285577
18551810111
320622196904061133
320825195812203654
321020197508060657
321081198110107600
32128219790308304X
13053206749
13721048488
13912086000
13951888881
13958121028
15298526981
342601198301164638
51052119731020027X
00775999
20050177
20688377
18605148007
320123197902110417
320421197602170235
320483198903170013
320624197409081716
342423197608226373
13063901148
13629735622
13801421158
13805181948
13813890052
13961105152
20083177
20136677
20152177
20287377
20308677
20675977
00190699
00339999
00670399
00778199
00918099
1141861140
321282198903306228
340123198209224131
340603196602090427
342623196305217716
42098319751201903X
00018099
13968388089
15190458178
15230869589
15950590868
320102198812140818
320106198210192026
13141488677
13775627388
13858800086
13866990700
13901715108
13951836816
20213277
20321577
20519577
20621277
342625197012150850
652201198903121257
00025366
00627899
111111xxxxx
20153277
320421196302078512
320421197003111719
321202198701294511
340104196908121555
340502198301290211
34050319781103042X
13955580830
15195356220
15261002973
15951174288
18958221893
320106196707312071
13805551569
13813888638
13855553589
13905156621
13951746226
13982198236
00585799
00801699
20160677
20211877
20609977
15195339306
18262308555
18977578188
342626195912236577
512221197309115874
00209399
15884261048
320322198508082541
320483198901220013
340505198610151214
342622198905023598
352202197811123379
20719577
00803699
20188977
20390577
20532677
20616977
20690077
360111196601200088
372927197511080038
432524197512114610
00321399
00369399
00712699
13505654777
13813921199
15935857656
18010897388
310113197512260810
321020197511220033
00828199
20155577
20219677
20330677
20621577
N000000000075512219
352230199006040030
370204196709233512
413026197003135715
500238198510261345
610524197907103643
00080799
321028197208180615
321028197306201010
321201196412220019
33262319670312269x
340505196807130653
342224198907170058
13195707595
13813699535
13901506641
15956058087
18651162727
130434198704294416
20289777
20290277
20316577
20502677
20702677
N0000000-2054681805
320122196808260426
510228196305097398
610114199306214027
00399699
00886699
20251177
13813586003
13865215882
13913411675
15665555166
15805609522
18298203330
00372599
00570699
20363277
20380777
N000000001142358100
320107198209052620
321028196911091636
321124197711071715
340121198811058807
350122197906052778
00200699
13611530307
13813923985
13851904915
13914449228
13951213737
18251301666
20681277
20735577
N000000001145466244
410726198004145034
420303198911082853
00136699
00752799
20187277
20272577
18604594565
320501198001291255
321083197208158092
330722198601245126
340503198110020418
410102197008193027
13815883555
13915947922
13962867511
15555535082
15895835143
15955559999
20660377
20712877
N0000000-2057358637
610582198204250071
00020799
00081699
00506399
00568299
20282277
18089216888
320123198903292616
320125198705245824
321028197607097237
340521198811262316
440620197007050716
13338828532
13401233666
13605515288
13685180896
13706118763
13952063033
20106377
20107577
20219977
20391577
20593677
20703877
320981198205253975
321083197103246176
340521196506230087
00788699
10000572
20057977
13957889212
15051209582
15994253592
18611581689
31011219971229391X
320624196002091432
13072177026
13914488553
13921414105
13961011370
15055539909
15961981795
20506177
20535077
20699777
50012888
18755531207
32042119670128097X
321202197601111576
00065999
00527999
00636899
13809041703
13852349111
15056081331
15896212870
15899643968
18351206000
20698777
341181198905065829
510107198710171573
00619999
00786299
20567177
20667577
18652025266
18755202666
220284198412040056
320421196508168556
321025197512204213
340521197410172614
13721239575
13770528319
13864199888
13879692810
13905656722
15255628088
20658777
00868199
20207877
20328377
20397377
20569677
20610177
00321099
00570999
00599299
00626399
00723099
00732099
320922198002082416
321027199612125741
321088197902045153
340504198912190212
37082619740719121X
642123197407040032
15905551597
18255584490
110105198007080031
21042119770925242X
320223195708201813
32082519470321611X
13291388699
13851869548
13955589957
15715551906
15990112888
18762341366
20599577
00361999
00838399
00877099
20057377
20288077
20568777
320103196506282065
320421198106127224
320831198201291617
321025197203187835
430105196907131071
00258999
13016938110
13575047288
13601332908
13851584646
13905258268
13912198659
20082777
20298777
20332577
00257199
00371799
00785299
00817899
00870599
20001077
320624196405140833
321281198508253705
341227199305066758
410322197904050813
00059099
00197099
13913871338
13951884688
15805656088
15851938159
15996007666
320421197501273710
13335658887
13770844292
13776666274
13861284588
13955028899
13965373839
20137177
20380877
20393177
20568277
20639277
20700277
320106197806210825
32108219780701211X
342601196508100739
00365099
00752299
00867799
15071095561
15256045420
15905152318
15951152558
18693918398
110108198402265756
13179439991
13186665586
13801462883
13855590998
13961972926
15900788731
20226077
20572877
20690777
00951099
1145534196
20008077
20125777
20167277
20185177
370825197809030332
00070399
00399799
00513899
00751899
00766199
321083196710300918
321283197901291431
340503198503310619
342625197010040439
34290119770508111X
350301198306150431
18629087677
130185198107152210
230222197304182653
32022319710405767X
320421196301128557
320421197906178519
13506140288
13706121999
13865556370
13915057764
15106271808
18055556566
20228077
20335977
20387077
20651977
20711177
00397199
00520799
00527299
00935699
20116977
20179977
321087198110092873
332025198801213552
340504196501090058
341181198602180010
34122719780814873X
422801197201250834
18955596620
320121197909253557
320219198308302016
320421197607067769
320483198308111510
320703198011121544
13182260966
13328195799
13338188558
13915034777
15051242262
15252309777
20371777
20533777
20733877
22222
00326399
00379099
20010077
20096977
20157077
20229077
341181198309250219
341182199002156018
370830198909276116
610526198404077647
612132197406192610
00090999
15852532689
15895892602
320107198112132667
321083195403090506
321102197009301930
321202198108152731
13770658029
13905231551
13915083175
13915949587
13915998281
15295148400
370728197209193473
20096277
20109977
20311177
20738977
18255272219
320911199001044931
321201199105301023
330706196809130115
332623196703236611
342623197812056851
13641121007
13906110253
13951423770
15189300787
18155106098
18661130882
20531277
20696177
20696677
20700777
321181197411267035
33252319760728282X
342601197610083618
00776099
00910099
20268677
110222198705180015
232025198801213518
320311197105061275
320421196907018512
320423196712127041
321102196410261061
13805655039
13955546861
13986419658
15366018197
18538837889
18655557522
00866099
20586677
320125197801034614
321124196505103515
610322197312151917
00139199
00712099
00790099
13512545678
13758337444
13809034733
13814065861
13855568186
13966369478
331003198112283117
00522399
00532299
20056177
20302577
20697177
15006113818
15024570369
15150620002
15312010859
320483198312051610
320882198712014611
13801471985
13951272230
18066008518
18605164720
320103198803010532
320105197805250618
20565977
20665077
20007377
20163277
20271777
20300577
20362277
20391377
00066899
00369599
00511099
00519799
00557299
00581999
320828196711252637
321028196912271639
321088197304084312
332602197901038272
362529198207083019
37063419700401201X
13236567000
13806112003
13851865095
13951603217
15851800011
15861236836
20351377
00839699
20183177
20195677
20258377
20263177
20302977
420700196407244298
440524197110020953
00106099
00256599
00329099
00381799
320831198910072812
321020195709040311
321181198103105717
321283198405150431
342601196511051210
342922198908043777
15862932128
18036785371
320102198812181230
320302196209031299
320321198006282619
320483198608018510
13235165305
13305551702
13770799695
13801780338
13861220716
13861500788
00256999
00588599
00756599
00907599
20315577
320827198008186028
321083195507200810
321083196901300187
340504197101290637
511011198804132815
642222198410181227
13955575888
15261553777
18605211156
18905559731
320102198511111618
320106197501201215
13338622619
13605598587
13770228688
13770552478
13771934649
13775009619
20382277
20392877
20563177
20571777
00717599
00819999
20009977
20069277
20130877
20316277
320623196203177818
330502195801090616
340202197004232524
34050219630719001x
341224197009088305
00712299
15905555980
18025313591
18991828189
150202198105181913
320103194802081795
320103196401061274
13887888597
13905603376
13961013881
15336129900
15555579333
15856751890
13092265088
13809196418
13851758026
13852527818
13961257292
13967380153
00892599
20091977
20566377
20602777
20722577
320723199012272416
321281196411110215
00370599
00638999
00883799
00883999
15201933035
15995087188
18657291103
320106195806050439
32042119701217093X
320421197707028351
13333333331
13585347214
13599352426
13913986899
13918481912
15391622278
32112319810206581X
44188219880613302x
00811099
20231977
20598377
20698977
15942332028
15961137159
18662713331
18755595606
320882198511160057
320925196211270034
13770823688
13815950960
13951613432
15251828986
18352341888
18539931116
00559799
00866799
20558077
20595377
20608177
320107196505274245
320521196110167313
321023199310240423
342601196411210018
445224198304073618
00525299
13605185859
13606661397
13851845237
13866835768
13882446905
13915605758
20597877
20685577
00512599
00788199
00788399
00816899
20121277
20256277
18662865451
18705559321
18952608222
320223197906260688
321284198710100613
350583198901150714
13770705757
13770733833
13780338111
13857605252
13865608886
13956303466
00725799
00895299
20257577
20286377
20535277
20568877
320483198109228812
33030319750804181X
330781198607062021
350122198809305512
413026198604049032
00326199
15052338888
18655533840
320103195706221510
320107198501165083
320282198610285872
32040419840717284X
13186662333
13305553179
13705268932
18306242619
18392880005
150102196306241519
20089377
20592277
622826198506081911
00530199
00596999
00881299
00933999
20080077
310111195412051710
330622197505222813
340521197303202339
341125197706295976
341226198910071074
342401197711013239
13073427375
13235179760
13337775666
13404166877
13500534597
13622224245
20657377
20703677
659001198012130016
00390399
00713399
1143556036
20295577
20513277
340204197002070317
340503195410280453
340521196306090059
362135196903170075
412301197011050533
61050219841106283X
18105262288
18363777777
18651199516
320202199107173016
320421196608051718
340122198705010013
13855586888
13951974677
15150705533
15546495616
15904702667
15950603122
13685778477
13801473088
13906117169
13912313537
15050562066
18955008999
342626199101260010
00792599
20002377
20297677
20307677
20359777
320123198104113212
320924196712130666
321083197405280492
321302199311290451
340322199005161625
342601197304164815
13706886699
13761697911
13815963260
13851573981
13855505150
13912798897
00865099
00881899
20218177
20273177
20398877
32098119871024325x
321028197409098416
360281198203230314
422124197707214415
00387399
00582699
18056568777
18651856056
320105197909221846
320107196303121814
320421197109278816
320602199305212540
13914498866
13915994001
13951744046
15038389913
15061215378
15827938689
13270762287
13706111181
13813853731
13918096645
13951998567
15242339456
20250577
20250977
20385877
320106198309280413
320421196603288214
320681198706290030
321082197512312414
34050419590502022X
20127177
15658898868
15896000149
18851608183
230833198402220330
310101198109120016
320102196502280816
13306193225
13764460678
13805268980
13855581199
13869955411
13951632320
20538077
20613377
20621777
20658677
20696277
00578399
00870299
20003677
20102277
20372677
20521177
320106193412140416
320302197609042012
320922198410083012
340504196606150416
350122196208131634
512223197602044553
13961410020
13962300981
15156708660
15190503737
18055540906
15020419520609093X
13055555556
13092251965
13685556173
13809007148
13905258452
18651234678
00352199
20271877
20313777
20361377
20562577
18855598427
320102197404032813
320107196310071827
340521197909286813
341181199311290038
432501197602020058
13141215806
13382063999
13681988598
13707298296
13777390058
13897180322
20511877
20587877
20588177
20611977
20669077
00325099
00536099
00563999
00670899
00753999
20176677
321028196808035695
32111919630328437X
370323197411130018
370406197406066612
511024198805054240
00191599
13965611555
18326591158
18502268069
18705061812
220222197607250615
32042119700418854X
13192148013
13359073857
13905151871
18262309990
18283931612
18618373628
00856599
20358877
20371077
20372177
20633177
20703277
00172399
00372699
00517699
00725899
00760199
00806199
18952606949
320421197109028833
320923195711091537
32100119790216034X
342423197001108194
342625197109210151
13584557499
13906110108
32010519840922042X
320624195408030037
320625197402040010
321021197601315032
00365399
00375799
20065977
20209277
20565277
20679777
340202199302102524
340521197605040048
342522197807123915
342601197601060211
00172699
00238099
13016934101
13639963930
13955582107
18658600029
320113197707192023
320625197506204913
20352177
20508577
20610577
20695577
320722197312030034
321284197503117434
330102194901070317
330224197012100085
00086699
20331977
13585198938
13645167748
13655517693
13952800228
15067130810
15867137270
20509677
20562777
20593177
20621677
50016588
N000000001143548468
340503196308160273
340503198012150016
340822199509100927
00270699
00696099
00829099
320683198906092410
320821198606072137
320924198003274113
32102019671231121x
321202198311143910
321281198705217615
15960779871
15961139665
15996937969
18917019979
152104196807151240
320481198709200220
13867708881
13905151416
13906119812
320105198506121423
320421196807028713
32102319870606605X
00837199
00876899
20006177
20151077
20393977
20623677
321082198109290010
321322198304204819
330302197812150838
331081199404226740
00556699
00650099
13671875688
13685552992
15850854343
15895028833
320421197009078534
320520196211030336
00681699
00730599
00892199
00938999
20101777
20389377
532123198601181313
00210699
00577699
00579299
00583299
00635599
321283198208089037
321284198202038024
340503196608030817
340505197205010034
372928197407143218
411522198912214212
13193321637
13770755491
13951041008
15685173126
18654121191
18655568388
20393277
20523277
20583777
20597577
20636177
00520899
00832799
20100177
20215577
20308177
20388077
340323198109206092
360681198601165409
432822197006230030
612429198911030793
00166199
00236999
18656522022
140103196306014214
232025198801213542
320123196412052010
321028197305066216
330724196904017642
13585325085
13661814515
13775020920
15056564363
18761857757
18858011915
20730577
330206196902084913
341125199005051476
00701599
00711399
20065277
20089077
320123198106020036
320421197012298546
32083019750312061X
321028196702262830
321182199412111011
321284198506286617
13905283302
15862931179
15951502802
18036232909
18051871242
18361806888
20291977
20519777
50008588
N0000000-2056129069
51232219730916757X
610525198301021118
00159299
00868599
20178977
20255577
320421197204088818
320821198709010115
320902198109238059
332621197007257859
370828196810251812
413026198512155110
18602580960
18626278080
18655565388
18821622791
18961239199
320103197602040511
13083106365
13391389999
13906514110
13956313983
13961132963
15050535555
20680277
20125577
20355177
20357877
20358577
20399677
20563877
321028196805240036
330104196105042739
341282199210010350
00100099
00507299
20115877
15261120551
15951712666
220112197501300452
320103195412112036
320326197207070636
320483198209278518
13338146868
13400061871
13500012258
13601400193
13775626280
13961255832
00087999
00389199
00923299
20121077
20612777
342501196301064034
342626198206220175
350181196108151531
362101196303100678
513722199403211073
00033899
18055587177
320102195002131625
320223195609122263
320421196204304715
33250119800210024X
340521196009160516
13405532222
13805536658
13813824288
13813964297
13899922956
15850726578
20359677
20517777
20622077
20652277
20698377
510223198203010324
00210399
00253099
00388299
20129577
20326377
18119959898
18757128628
320123198109020218
320520197101260127
320921198405207256
321028196610283458
13770583003
13951220501
15961121179
18661202388
18909635997
120225196402160019
20010677
20200877
20552077
20606877
N000000001145835492
612731199509140217
00077999
00081099
00395599
00783299
00917299
320106196305210814
32011419551231032x
320125197105283916
320483198304058716
321020197204210310
330329196312151733
13337805383
13645128905
13855408159
13866986488
13905180982
15152683868
00899799
20085777
20122077
20157777
20583877
20596777
332603197708042970
452231199101040020
00636999
00709799
00836699
00853899
18652999357
310110196307214651
320123198903180016
320520196403033515
321083196308300178
321283198702272443
13305555558
13961002428
15152686666
18705160361
11010819760826931X
320381195907040329
N0000000-2057174557
20201877
20376877
20670177
20677177
20681077
N000000000897403460
320911198606035742
32092619561011177X
00380699
00765899
20032677
20065377
13813675913
13921571738
13965167271
15850856717
18190780963
32112419690128002X
00913099
20501377
340403296209181639
342601196811162211
610121198611111218
650108197504061026
00360799
00555799
13502021168
13855510656
13861231488
320826197501234619
320921197602272044
340504195905040628
20031177
N000000001142356628
340521196312150011
350723199510050029
420115198501106239
00372199
00800899
00839999
13390703777
13721222670
13758169786
13967243081
15077833002
18705141313
20535877
20633777
00233999
00723999
00856899
00916899
20066577
20067977
342601196212163116
342923198906080044
36233419900918071x
370403196812250016
440923196402094373
500236198503035208
310107197307042438
320103195709111261
320111196201100427
320831198809063022
330225197508060319
342522198310070015
13401291588
15905109500
15961190988
320102197009222852
320223197808063576
320421195512118514
20219177
20229177
20256677
20371877
410521197502170518
00063899
00200299
00507399
00663599
20016977
320828197601082694
320829196306150019
321028196809046812
340503197403240620
340505198908091031
342127197706107510
13151318399
13770662424
13776354830
13809031059
13813996550
13901421688
20665977
20111977
20196977
20322877
20501777
20626877
20633877
00151599
00322199
00533299
00650899
00790899
00890099
320421197404138816
321083197003252739
321281198708177938
340503197901050010
00039799
00097199
15698090999
15952003030
18655517733
320103193807092026
320107197001201338
320402197802230627
13605178072
13703604099
13814042835
13952530628
13965615206
15051937959
20185277
20257777
20309377
20373077
20395177
20532277
372502196408141513
411503198901083748
412728197408240070
610103196412152832
00556099
20155677
320925196303166736
321028196602154410
32108219800317031X
340881198703071910
341102198711111019
362226198411040619
210603196805041036
232025198801213512
232025198801213522
320107198002225037
320421197108088594
320826198411252033
15996065555
18182697377
18217268577
18651874441
18801734813
210221197405290645
13305160459
13621755203
13951687707
13972035879
15189778822
15952891309
N0000000-2054597085
N0000000-2055674765
20059777
20287877
20573877
20620277
20655177
N000000001141595780
321021196612067455
321182198110194312
321281198602066332
340521198507025017
00101299
00326099
18607082272
130403196209221259
320104197907240828
320282198309242566
320831196910113013
321002196609211859
13611560372
13731995666
13809070038
18856581100
320582197502134817
331081198201025709
20516777
20527977
20570977
20680977
N00000000-647389068
00778799
20181877
20237977
20297877
20378877
20386077
340504198803030033
340521196804042017
340521197612252815
342601197912250610
412326198711070959
622722198403151410
13196799905
13810729328
15201604530
15805166363
18611561618
18657222044
N0000000-2055972925
00758399
20256077
20302377
20313977
20563977
20586777
320423196209257615
321281198906023390
350122197106011310
412929197808125036
00266799
00580099
13062548999
13505253682
13851877377
13861073123
15950121096
18616987368
00808399
20232077
20500177
610104196908066117
654001196907111111
00062799
00089699
00627999
00737699
320831199110290226
340621199009014075
341281198504219511
342225196410308012
352230198708101817
511027197807142417
18652271197
210402196411012483
211282196607131625
320106196307181228
320381198205084988
320621196006138710
13083581755
13505170667
13575832288
13851924818
13914712666
13952016450
50003788
N000000001142448308
N0000000-2055677965
00193999
00580599
00900999
00931899
20170377
20316377
320828196312163637
321026197012247117
32102819650211741X
321083198103168096
341125197907121497
342601196509120627
15902137996
18905166986
32040419691220126X
320404197711254116
320421197005216653
320826197711301461
13613716592
13913753699
15810530525
18761586657
110105196402240884
232025198801213519
20693077
N0000000-2054701245
N0000000-2057107613
342625197107010164
420704197506154431
00953299
20030277
20102877
20531977
310106197603161611
320121196402281554
32042119770527001X
320724197412190016
321087198004140245
342601196109160611
13328111122
13851885158
13861006285
13922298847
15335088888
15850715118
20153777
20371377
20391277
00013199
00696599
00836999
00870699
20027177
20053277
321202198604140334
330321196810073917
34050219890520021X
340503195606010244
44010319870528481X
65422219850825343X
18651819333
18855532315
320105195603300016
320282198911297666
320684198910270044
320922198702036314
13505370688
13813537479
13906111898
13969181248
15871537111
321026196110072862
20283777
20637777
N0000000-2054586013
00332999
00339899
00358099
00502699
00738599
00857599
321083196903290170
332526197911190011
332602197701034373
340505196012200611
512223197401283435
00168799
13337706116
13349182793
13584368988
13661568834
13809000397
13855525999
20397877
20663177
00083599
00530699
00590399
00752599
00806399
00900099
320322198503062218
320626196803294814
32108319690423535X
321183199607061620
342626199212275370
370405197408202351
13855538635
15850724491
18652059562
232025198801213514
320111197307080027
320123197706172012
13053130088
13355558802
13611064084
13906127119
13913918948
15193141126
37080219750106331X
00693599
00761699
20188777
20590077
321281198402058100
340505196902010430
340521196708180516
340521197102283830
342601196203291212
350302198112110622
18876538012
18975193668
320106197005013231
320882199002176418
321087197012100644
321181198008110219
13470722414
13512508100
13813398069
13861874416
13906283213
15157272132
42020219640510123X
20261377
N000000001143902612
18665899978
320125196508265814
320223198203185866
320322196412102596
320623198909198409
321284199211201115
13365608366
13676647272
13855566260
13915090901
13963925255
13965399691
20661177
20702877
20112177
20203377
20219577
20239877
20623577
20636277
18936465559
320511197603131556
321020197006290313
512921197411095185
00809199
00932899
13363975229
13915893677
18226155555
18626079663
18912500939
18915788909
20125977
20300377
20517677
20625777
20702777
320421197007288511
340503198007110618
340504196105110619
342201198501231223
342626196608054730
00630599
13838125953
13855526104
13921861111
13955489088
15293297777
15651626345
00876699
20210677
20332977
321028197306037011
321028197402173611
340503193512280033
432025198801213533
440681198808254791
00650699
18629272888
18652619488
18915022000
18955565922
232602198205234174
321026196612015913
13611508204
13643698825
13994233226
15295006518
15618830533
211282198111253011
10000228
20313177
20360277
20516377
20528077
00339099
00355299
00399399
00555899
00585699
00922099
342623198712164024
352228198403093519
430681197204203719
532301196207090038
622101196704070418
00175899
310110196311200834
320122198401304414
320683199007160832
340505197210260417
340821197603195114
342426198706070222
13506140555
13605551678
13775505338
13813915983
15298369532
18795993699
20670677
20702177
N0000000-2054451949
00361699
00560699
00723899
00793099
20288177
20525377
320107197301083425
320483198110158540
321102196211181931
340502197601080617
342601197507103369
430821197912266512
13058718213
13305142168
13382158275
13802092914
13814108006
13833457220
20161277
20327977
20503077
610121197202175902
00162199
00578199
00696999
00750099
20083377
32102819550804021X
321201197608011213
340503197006080432
340521198612202812
341226199508065214
510213196605231232
15715557076
18655503939
18951218999
142702197008123095
320102195104202447
320211198903276560
13195506227
13913969898
13914660622
15000352766
210221197301310613
32102819740304183X
20653577
20681677
00905599
20078677
20280777
20573077
20573977
20626677
340503196012020423
412829196707151817
00085999
00092799
00609299
00715299
13205315188
13515276577
13646221266
13851738527
13855829951
15161399555
20328677
20375677
20568977
20585977
340503196207080012
340821198204082539
362322196610090038
412921197810087630
00657299
20305877
15589336868
15851975988
15996130321
320483198310208514
320520197812194488
321088198112184137
13801478999
13808808828
13812029117
13861358922
13905559033
15922323285
20681177
N0000000-2054206205
00553199
00658799
00793299
00852399
20110177
20127277
412128195003131238
652901197312264313
00097299
00229399
00329599
00350299
18105178777
18853884888
32042119690511851X
32062219690705115X
320902198502100000
340502198112150412
13301137758
13395658881
13664254655
13814097251
13879926518
13929058589
20525577
20577277
20658377
342921197510014633
370205197603043527
00080099
00515299
00660899
20075877
330325198205130922
330327197010214390
332025198801213533
342425198107195254
342601197810110027
342626196209295377
15929942493
15952709025
120106197308095513
310115197606231714
320222197102254876
320826198412031021
13645189079
13805185112
13813250160
13814337776
13851590579
13961495818
20501077
20673677
34052119830726331X
342401198811019130
342622196607031398
00389899
00577599
20038577
15062753658
18651860819
18726618383
320121198910052335
320924197307085712
321119196009055998
13082558064
13355652228
13626049088
13912329132
13956855818
230307197809174044
20303577
20525077
20525177
20658277
N0000000-2057348877
00670999
00809999
00858199
00877599
20101877
20197677
321283197611293834
330326197209121435
340521196507163613
341281198712060621
34260119820515021X
431021199003034489
320222196812250023
320421197303267213
320828197704141415
320911197006264010
320924197009134387
321083196702165672
13590120661
13660603384
13775796628
13815966666
13905552661
13942380749
N0000000-2057513325
00731099
00739699
00932599
20335077
20385377
20395877
320925197608076736
330421196409273811
342423196903258496
342625198905180306
371327198611122718
00323399
13952771113
18651675691
18930993621
210381198903212013
320581199011263115
320624196808151414
13155500552
13401928866
18913321996
320382198410184239
320411196903101623
320925197206150016
00561999
00660399
00762799
20053977
20080677
20388577
321020195501220030
321281198602153372
330724197709221335
342601196905050448
342601197901183416
00269899
13813380043
13965988208
15555568157
15895230270
18655551336
320924197708036495
N000000001142214596
00690699
00827599
20169877
20376577
20561377
20720677
32108319680127353X
342523197004094934
440922197208114236
610102198911161939
00013699
00167999
13505149073
15189408162
15295012886
15996013119
18177290908
18653264289
20390677
20618777
N0000000-2054367965
N0000000-2054671213
340504196208100253
350126196308182776
00380099
20328977
20330277
20372577
18655535151
320211199010084144
320421196205110912
320421196409118713
321083198209091082
321102195707301920
13855567688
15155306888
15951018905
18651993331
320683198307303829
320705196610103536
20136177
20202377
20206677
20357777
20671177
321020196805291510
321028195309182418
340202197208122044
340521198704110034
341226198209203715
00909999
13601425982
13611506168
13865307905
13905451165
230302198303274032
320125198104260063
362302198511140013
00358999
20312777
20313877
20523877
320322198504292568
32062119950318122X
320902197610231032
332623197609233558
340123198106100056
340521196604263317
13485070660
13485552899
13587735923
13809076105
13905652266
13914719156
20008877
20095977
20371577
N000000001141698340
332526196712246719
332625197601315113
340503197701260339
340503198103160615
431003198412052234
00865999
15952609959
130203196505021517
320103197011010273
320106195505090824
320624196510213512
320902197911040037
13805116662
13964267079
15952337598
18021535740
18260050436
18648920713
20032977
20095277
20252877
20265177
50000688
00159099
00193399
00321299
00356899
00399199
123456789011
18955579797
320421196512300919
332624197303190061
340403198301181630
341222198704277206
372929197606070310
13013118383
13063209804
13805176608
15052795111
15555541444
18252076766
20522877
00655099
00737399
00950299
20120577
20206977
20285377
340505195707010035
340521197709142815
34112219721117441X
350322197710100812
350702198503216821
00601599
18602562059
18611807363
18752090569
320483198909118515
320483199107145823
321088196502173952
13062649732
13155501779
13401370583
320106198309173239
320483198811173911
320520196901050115
00829599
20102977
20289677
20290977
20520077
N000000001142824132
320705197409280033
321202198602160315
332621196202147095
340221198210196492
37082619801001747X
00819299
13705655560
13851267160
13917662021
13955556957
13966362693
15909846688
20666677
50002288
362201198106243025
00713799
20106977
20281377
20608577
20661377
18914579403
320621199304250720
321028197511262015
340503197210200251
340825196712171665
350104197404283610
13505192902
13706122629
13914543555
15061553751
15951172555
321020196405010919
20167677
20323977
20385977
20510077
N000000001144627188
32102819710113685X
321102197902280036
41132619871005004X
00382699
00706199
00791899
13646140663
13814469866
13816599218
13901584088
13951228055
13981821506
20282977
20315077
20328277
20576877
20681877
372924198504060931
00592999
00858299
10000370
20175577
20225177
320103196602212032
320123198902045023
320981197701224714
321025197308105621
362323198308015112
370481198712082260
15212356311
15658868868
15850547326
15995096808
18652631300
18915912377
13095551966
13813677866
13851750195
13856338788
15805179051
18760264300
20739077
00058299
00079799
00093899
00560999
20195077
20501177
320602195510112065
321302198810310037
330324194710071770
342601197306065239
412722198810262012
420106196712244935
18905139196
130324197306130616
220322198207094289
320111195511020823
320421196202150919
320483198910138513
13245883111
13505171669
13603870659
15980601298
18114122888
320106196810091297
50015988
61213019790101601X
00069299
00069699
00086299
00763799
00868099
320125199011220024
320481196306068530
320582198705296423
320722198811127361
340521197401011819
340881198708082838
13965600222
15806283399
15901922933
18631871119
18796006800
320483198311078539
20738177
20009077
20211777
20263977
20381277
20553577
20618577
00209899
00219399
00331299
00373599
00382199
00391799
320621195602140513
32091919671023599X
321028196408256210
34052119761117283X
341225199510208310
421081198411273411
13587442841
13813353118
15605652888
15951156616
18012270000
18055552767
00867599
00165999
00261799
00525699
00572999
00671199
00808099
18260003479
18655509788
320402194808120011
321028197502260034
321181197901110030
34260119880707711X
13196928888
13301581857
13338884968
13805659531
13851522017
13915839508
420124197403210878
00370199
00386899
00753899
20231277
20733777
340504198506230020
340505199208280020
342225198507083226
342325196711170200
342521197211030535
34260119861020009X
130230197706032726
210602198105224010
220623197710201910
320683198704201869
320925198010260613
32100219790427331X
15605829988
15813371989
15951624340
15961258700
15995067766
18205652788
13802210661
13855579657
13856505171
15838060378
15851996588
15937132160
20672077
N0000000-2054637645
00558199
00568599
20380177
20567877
20580777
20661577
341125198211206171
44050619730308001X
440583198602023119
00181799
00353999
00378299
18655562213
320102197011082027
320483199009308529
320721198411020016
321283196511030012
340521198602160313
13228775399
13861698811
13912967061
13958733662
15062220188
15996171000
00057999
00365699
00596699
00716699
20250677
20531677
320925198802094211
32120219850801301X
340502199001060021
340503194708010216
342224197409201734
445281198110106773
320107196210103430
320421197006158512
320504198410244010
320683198304100217
320822196902085474
32088119811216293X
13110773377
13370398178
13601438838
13775272513
13809075335
13815955508
20391177
20537577
20683377
500233198709145278
00589199
00800099
00802299
00806799
20356677
32062119841223052X
320682199003304732
321020196812210635
33262119730521905X
34012119871207430X
371002199409307015
13914777017
15222882868
18752481003
310103194702280015
320103196912122024
320123196603160030
13851818201
13917023872
321284199110065011
321324198102196657
330324197201173296
340505198505051019
20128377
N0000000-2055900413
342625197807192114
452128198102016059
00328799
00335599
20001677
20115377
13605268533
13611508264
13619294504
13761793178
13856532380
13962869696
00652399
20239977
20395077
20570677
18625171507
18955562222
15232419731212041x
320105195309261415
330325197706222919
00603999
13965646565
15201888027
15262938888
15862788006
15900600096
18248791907
13016877766
13511667117
13601920749
13625161616
13776666981
13815855718
00807799
00881799
20271977
20560877
20682577
N000000000895727204
340521199011264043
370612199203102254
00363999
00557899
00620099
00729399
18961326549
130222197602185111
320421197504055217
321102199004291525
321123197506160026
330325197710284127
13861080878
15951173352
18251282222
18861134707
18905529550
18961052851
13506109192
13685221358
13905191375
15351901752
18605517881
18616697277
00390799
00752699
00855799
20051077
18755591100
18811370257
320113195604250815
320621196005100219
321083198101292456
331082198402297459
13377177519
13775117388
320105198302220817
320106194902212819
320121194903053913
320121195512120933
20638877
20701377
00911999
20083777
20393077
20599277
20605377
20625277
342601196310155013
513030199101261325
00166099
00199999
00625099
00657099
320123198611201014
320421195811120016
320622197202146612
321028196706020011
340202198701052849
34050519661025103X
13585166607
13770889367
13850442660
13906879799
15505513868
18652848609
N0000000-2055816013
20551277
20628577
20727977
50016788
N000000001142362180
N0000000-2055454973
00350799
00621199
20006077
20178077
20358677
20505577
320106197108261625
320481197011253414
340111196306231013
342626197611080010
652301197708246418
00159999
13566828369
13806116296
13813669666
13813831789
13818260999
13905180397
20575777
20700377
00787599
20103377
20156177
20179577
20537777
20569977
342601199103281264
342623196311012717
342623197006124864
370521197301285628
422202196808111856
00155399
18754881768
232025198801213552
320113195511102450
320421197009240917
320624195902061234
342422198409250133
13991172545
15161010200
15888875157
15951676871
18055535080
18652039208
13056065066
13391726336
13401832727
13584066999
13606121270
13705296716
00507099
20093277
20377677
20596277
20693977
N000000001142188676
320924198709194377
32092519491226747X
321023198711210415
330719197901284087
342601198101053626
00066699
13770803030
13805160278
13961323192
18120100008
18283035160
320421197111018554
13395551000
13597082830
13770503531
13851542344
13855535222
13906143225
20361877
20597777
20598577
20633277
340222197712161611
340502197107050623
00725099
00789399
00822299
20327677
152128196502094515
320421197607128511
320811199108170537
320922198501060342
321102198701221552
330902198002075212
15067171117
15295521388
15951808021
18551810857
18901415088
13092319801105301X
13057555073
13611367409
13770695532
13851488381
13852415333
15706820777
N0000000-2057107293
20292177
20536377
20622377
20638377
20670277
20672177
340502198901040611
342623197404157514
410111196507310015
00366299
00611799
20161777
18805556666
310229196804164216
320105199007051648
320381198711154424
320981198011283711
321028196608151106
13310058886
13585328700
13705184426
13771768026
13906125960
15955554521
00570399
00758099
20273677
20337177
20536777
321088198105197757
321284199406025414
34050219560503044X
340503197603110329
350104196702070037
00390199
18351907175
18361226837
18502505055
18606736558
230105195506202711
32042119660923871X
13092272922
13506845092
13585359288
13770926902
13851655222
13921707522
20061777
20082177
20687777
20710777
778899
N000000001146278868
371325198205076610
500233198707202398
610425198806011729
00502199
00602399
00910199
18905552877
320103198711281263
320421197712088515
321020197611272412
341125198004156319
341322199212020025
15955533379
15955537077
18262307449
18652988800
18841176688
18861265865
13285556900
13488654885
13605170728
13705554498
13706115686
13806115302
20363877
20385177
20620777
N0000000-2057263869
413026198207167836
00139799
00171399
00556199
00717899
20250377
321020197305250610
321028195910014415
340502197409190410
340521197606062812
340823198710250817
342423198401274495
13813974183
13955903690
15251845409
18651165803
18955553355
32011219720923122X
13770669708
13805557198
13815035878
13917181668
15961006909
18013953836
20001777
20070577
20189777
20329277
20351877
342626196604154611
350583197108184412
650108196901191428
00262399
00857399
00911199
18900559077
210603196811223020
320723198711272437
340505197809160017
342601197708160247
342625197007310573
13075527972
13228739988
13309685858
13805261628
13815958321
13912096698
20359277
20361777
20371177
20392777
20393677
20672277
321028197504084222
610425199201241745
00335299
00787399
00862899
20329777
13913002767
13965689088
18751185439
18751877767
320282199104070849
320421196004298517
13951915020
13961423436
15298507266
15951880062
320105197603010018
320421194905150924
20607177
00351099
00377699
00519099
00553599
00893599
20295877
32042119660507851X
320682197910276780
320919197101011733
340521197709114419
421022196905240645
00070699
13064987000
13645150462
13815696105
13815926555
13909685020
15950068989
20550077
20606277
20629177
20660677
N0000000-2054582541
342625199701230038
350126195205100075
00883199
20178877
20262777
20270177
320324198708113261
320421195801168569
320621197311026314
320924198309131721
330225196911268318
340302196812010250
15951994035
18502838899
18952009634
18999358597
110105199801017237
320321198311122670
13115061062
13601750302
13611502138
13615553811
15052857599
15995656680
N000000001143661764
N0000000-2054678333
00352599
00867099
00878299
20291577
20505977
20517977
342423197603124474
342823196812123838
372923198011025015
410104197709241573
432923197607095710
00186599
18752000887
131128198408021218
310104196110112419
320123198510071011
340504198602090638
340505196307181411
13228769999
13552485502
13706113339
13801799539
13813995185
13817739946
00210299
20108077
20359877
20377377
20388977
20751377
320113198411309503
320724198501174245
320921197107260129
340222196501120057
342622197201051553
431221198607091018
13914745613
18661145541
18715277183
18752536398
18994691359
14031119810323003X
13500512096
13851864811
13855176023
13905114508
13905768846
13961067999
N0000000-2057122765
20150077
20362877
20607677
20619177
20665677
N000000001144915316
00536199
00657899
00730099
00827899
111555
20100677
320626196905102027
320683198804031414
321202197111270347
341226195501304413
342124197010273810
00237999
15605557969
15951700128
18392880007
320106198105143628
320123199012041834
320483199512226627
13511055932
15950460875
32011219610706047X
320722198108287937
330724198301202434
00136999
20711077
00365799
00768599
20139677
20212977
20213077
20565677
13236571303
13706848006
13816713049
13952606109
232025198801213517
320321198509200267
20391077
00932699
20028277
20028777
20130977
20358177
20383777
320626195401274410
320982198710293771
32102519650524663x
321281199110227296
340221196407280429
00828599
13365209166
13685235663
13685555953
13815054598
13851886989
13914514099
20608777
20655377
N000000001142437892
00525399
00637199
20023577
20121877
20329377
20392277
321082197205190031
34050319880613021X
342626196811204116
352601198105286517
659001198304034026
00101199
320106195301233280
320421195904128519
320421196205010911
320421197607067739
321022197005074814
321081199702060011
15107383133
15157749233
15905178792
18335506675
18655131455
320102196312183214
13656149663
13814011458
13851873268
13905532369
18655585025
132801195410104456
00699099
00930199
20065077
20113877
20267777
320421197911278717
321024196603122415
340827197604233416
42900119830914562X
460002198805196616
00200999
320102198712292013
320107197906193440
320121198211094755
320123199109234018
320311199202237032
320324199012300047
13227737027
13328185678
13913980215
13930082242
15137926023
15857107905
20312977
20337977
00662399
00705999
20050377
20100577
20207077
20257377
321119196605010438
340504198312150014
362502197809017639
00565699
00577899
00582999
15896001619
18261040888
18652072529
32010619671107247X
320703199609260537
321020196911043318
13794904333
15190406059
18360639789
18601528585
18655566371
18682186605
20567377
N000000001141877652
422422197609054714
00575599
00777699
00778299
00792199
20088577
320482198911197316
320924198311054112
321020197212310610
321021197912203919
340321197603228273
372922198811214432
13705657118
13806117382
13818118989
13910686101
13951632644
15851789128
20313077
20589877
20607377
20699677
N0000000-2057350765
340202196803111425
00093799
00231399
00827799
20083677
20236177
18056061060
18551710213
18955580333
320106198609020812
320123198410254830
320323198609302634
13770918155
13811563478
13906126701
142602197210131616
320105197506011414
320106198607282417
00728599
00799199
00923699
20251377
20263877
320121197808123710
321028196306064218
340521197201261645
342601196112044814
342625198711042263
00635999
13606121513
13675196758
13905268568
13961233117
18254099577
18661158999
-2054527725
20560177
20695277
20703077
55FFFF7F
N0000000-2054418909
00663799
00783799
00859799
00882199
1142474436
20199677
445102197808180611
65010419750628165X
00059299
00088599
00261099
00621599
320625195308156173
321028196207271414
331081198710131227
34020219641231281X
340406196411262810
340521196102032316
13770573895
13852645768
13914523336
15862996555
320621197509051611
320621198602274339
520113198102202013
00513299
20112777
20302777
20308777
320683198310180217
320902198103066014
321028196810065412
330822197901256610
340403195805031843
341181198901197015
13259428973
13502299485
13621908788
13861003166
15261199818
18912803930
20652077
00151199
00618999
00878999
20089777
20356177
20392377
320219197805282277
32042119660525881X
320623196312192056
320981197810053715
321284198607227210
34260119840708090X
13605557499
13770579994
13861216232
13901420520
13951759987
15189119182
20605977
00197399
00502899
00876399
20283577
20319277
20385577
332621196601028093
34050219680424041X
342601198006094315
342622197005116436
342623197711195035
412724198806032911
15951175855
18700789957
18811138553
320626197606136213
320724198806083622
321202198801013027
13706284808
13962967552
13966238660
18559280716
18693165956
310226197301301157
00526199
20111577
20287777
20373577
20523077
320102198603291222
321083197302052411
340823198107186814
513622198206100016
00170099
00388199
13482701878
13500531999
13815013068
13852725617
13914437238
13962736389
00209699
00667999
00802999
20598177
320819197608097024
341127195609263212
34212419780613391x
342601197012082375
610527198001144231
00098699
15934146594
15951821965
120104196505182133
230229198001134530
320311198301154916
320811197710100073
13401312329
13606119980
13855517888
13905174619
13956588788
210521198604190816
20619777
20637677
20696077
N0000000-2057562733
20032377
20166877
20269377
20312877
20590177
20599177
34082419860914141X
00085099
00237899
00651099
00820699
00871099
320113198110211668
320481198710252423
320923198908102168
320924196305145334
321020196901030919
321020196907131534
13308369510
13955316093
13961208688
15655551899
18360014578
18591887645
20665377
20253077
20301577
20358977
20365677
20596377
20617677
00216299
00228899
00359599
00393199
00862099
20039977
320421196712058522
320483199006098511
320911197411102218
320925198801180038
321087197008255635
410422199006109152
13305190980
13584050446
13638609366
13880902808
13914416218
15537012789
00803999
00933199
20697077
513401198302201615
00227599
00383799
00386099
00702399
00766699
15555506833
18799696199
320105195801210230
320106198703143628
320223197307190219
320723198105094239
13093059966
13196774388
13761996210
13776664233
13806993228
13815651856
20516577
20536877
20610377
20663577
00371099
00566199
00595666
20018277
20200177
20291677
18791816000
320112198310271677
340521196308071812
342626197001051562
433127198703080313
610102199110163517
13961206668
15071267777
15155557900
15609605666
15821721608
18658437850
13083458188
13584093685
13775000977
13952387810
15190999913
15222956999
20531877
-2054664877
20568677
00137899
00793999
20126177
20131677
20509377
20525677
340404198001182216
340504197811030012
340505197012261240
342601197310291511
350525197709096289
430681197310239352
320103198104181762
320104197802022437
320405197610050014
320830196701250015
330522196805121029
332603196406216272
13052982888
13905160386
13952698396
13952828806
18688045536
18905555688
20227977
20323077
20333777
20701977
00383699
00578299
00582399
00952599
20110077
20138577
310107197510031216
32128419841019323X
321321198406102446
340521198411056011
610202196006200025
00260299
13357687757
13401788888
13505350309
13584068122
13901977031
13915042844
00750999
20357677
20365177
20620977
20705577
20738877
340521197112051611
430902198301139013
622627198609081434
00322099
00352299
00701199
13917753255
13961095359
18936754007
320524195112031852
320624197005240012
320821197704057112
13063977611
13401242211
13601503368
13685298600
13757611827
13816859124
440301198512011311
00395999
00622099
00639999
321027198509155120
321087197211040031
340504196607150426
340504197801210212
34050519831111101X
430312197406143516
18105182118
18912591517
142602198411062578
320106196504211633
320483198803172820
320829196307070424
13817696001
13912003337
13916465793
13926100331
13961298808
15850884988
13305319668
13698852089
13805263898
13951671746
13952513816
13961406898
20319177
20362077
20505877
20591777
20657077
410802198705243360
00509599
00853199
00856699
00916399
20310077
15077888086
15955155944
321087197703062827
321088196407130014
321201199101231013
332621196909021859
13676683312
13770789139
13901952409
13905148452
13970302919
18616267612
20209177
20259277
20536277
340505196708071010
341181197910037414
342623198010072715
00791799
00871899
00891799
320102196405213216
320123198803210038
320381199404278210
320483198301178528
32102519720207461x
321102197711130553
13407528529
13852890321
13912808877
15851022858
15905551273
18656529070
00729599
20082977
20316877
20519377
20566877
N000000001142296932
441825198902121814
62010319870710154X
00015899
00139899
00263399
00700799
340502198310300418
340521198309255428
342622197908093212
342623197405247730
342626198010050182
432503197309181525
320483196201261819
320483197602128823
320821199708033109
320981198703010749
33100319820826085X
340223198610134621
13391712015
13584518666
13585108100
13776605973
13806288155
13831572515
20556677
20567677
2949236
00353599
00873899
20038277
20059177
20200077
20531377
320924198407292924
340202197107072543
342222197009083692
370825197803055539
620104199102164020
630104199104012022
15951752866
18252074058
18817237152
232025198801213510
320421197408288539
320421198007148513
13515104177
13605156196
13805186661
18262380713
120104198610111512
32010719560623423X
20206877
20291277
20503977
20671977
371202198505106818
00052399
00378099
00520099
00562899
00728199
320581199101150026
320981198209140214
340405196210060837
340503198803180617
342425198411248314
342626196603051995
13622698799
13760220322
13861055187
13951624418
13957433408
18248789556
20522277
20666377
N000000001144791780
610302198303242015
00763199
00893099
20188277
20226377
20338377
34120419760605161X
342201199208310437
350301198410062554
352601196004224027
432503197202086317
441781198411130156
320421197211123212
320421197603168559
320601197712210344
320681198610241429
320830198408011022
320924197010244452
13132244901
13776862563
13818388960
13905181960
13952478897
15852955878
20663277
00098799
00159199
00861899
20185377
20289877
20363577
320681199206249423
321083195908167935
341122198506285867
342423198205105977
350622198611142030
640322198512082119
15952011384
18962121218
320103195512141766
320106197702050425
320124197807071620
320421197750207852
13429414307
13567852066
13812389883
13851570032
13965603980
18852619368
20593377
20673577
20685777
341127196204090039
370226196911120018
412902197806267938
00336099
20127577
20169977
18913878393
320402196201110211
320682199005250475
321028196908010030
321028197706103639
332528197407300026
13093099150
13355555008
13706112328
13775093538
13775193166
13813590275
20179377
20317377
20516077
00356699
00396199
00651799
00831999
00898999
20080777
320421197906028115
320483198204048529
32062419770520141X
321028197107200031
360313197701292010
00260399
15184454666
18905559889
18962967222
142327198310235629
150202198302120618
320105198503011413
13327895111
13572029875
13809014728
13817206600
13852414250
13953767777
20362977
20705377
20738777
652302197505281041
00057199
00086199
00565799
00582899
20183377
321202196711164850
340521198706165020
342101197204052034
342129197010190320
342425198411240814
440923197505131506
15205555559
18651162408
320103198611121764
320105195807250081
320123199009102675
321028196401072216
13305174447
13615180488
13770698199
13855568468
13855712333
13909609835
20696577
50015288
00667699
00889299
20066877
20153577
20253177
20335577
332603196904204274
340503195402160013
342601199109096836
620503198505280967
00082799
00606599
13912197345
15852721618
18155578959
130302198008233533
320123199110022266
321281199005032251
13422828664
13474076101
15305551990
18014159711
18229072147
320102196010263614
20088177
20133277
20526077
32120219800125122X
340503198704040619
350702198011287412
450104196509282031
00033199
00266199
13814008929
13817559058
15161090940
18551653399
18652816666
18663162696
20585677
00871799
00887199
20008377
20015677
20118977
20297777
320582199111252620
321028196511266636
340521198906033866
00013999
00503199
00737999
13301686393
13801446001
13955297598
13965378111
15335176710
18362315511
00550599
20527877
20623077
N000000001143574756
321087198111127417
340123197810075291
370784199502050025
42070019701231599X
452731197106041514
00058599
18905268383
21092119841211882X
320113196812151218
320121197809130314
320421196802154411
321087196409023638
13805558166
13906116381
13957607746
15295208555
15961431923
18651689303
20398077
340504198601020021
342301196304070615
610425197903240035
642221199009114106
20029277
20088277
18936034476
320125197510104811
320202199005221558
320302196908171223
320682199004114340
330323195402030318
13196900211
13590234989
13801459591
13812633771
13861666163
18505552025
20303277
20308977
20505777
20735877
N000000001143839012
N0000000-2057079069
433125198110060023
622627198006251211
00168199
00336999
00952299
20182877
18952884466
132229197212112458
320106196709160841
320282198911280207
320682197707280856
321028196703104412
13002594260
13270892769
13358187288
13399534336
13685273888
13965615997
20230077
20528577
20575977
20711277
340521196703280016
341224198107078914
00368999
00922899
20057177
20210177
15051951991
15757162315
150207196804188615
320106195712081218
320421197112121713
320481199102170015
13083118686
13606274818
13705659053
13705697977
13776699345
13814044081
20158977
20596677
20685377
20699977
N000000001143902564
N0000000-2057234397
320124197406203215
320302197403123626
321028196203156611
341191198912016427
00702199
20106577
13924262319
15077877158
15106106955
15911000409
18655505550
18910563350
13601588578
13905551608
13965376978
15195222220
18177113036
123456789012345678
20562677
20705277
20735677
N000000001145869572
00785099
20017577
20025977
20210577
20266177
20375977
32102819751213201X
342626198708134120
431225198406052616
61012119730606369X
00516999
00598099
320113196011082814
320223196410267216
320402198709033746
320483198102108519
320828197811171476
321002197101171811
13357797735
13395555798
13605179039
13616121688
13865112055
13866997777
20532077
N0000000-2054011293
65010319430320323X
00910299
00936599
20033677
20035977
20103777
320705197002221517
320803199010083013
321025197511168417
321102197405211515
342421196208013531
34260119790414181X
13901430978
13951835926
15161544755
15896015107
320106198405220015
320421197412158817
13376065928
13584090666
13775799987
13913929174
15905559581
18901030322
N000000001143876388
00860199
20117177
20177977
20196077
20331077
N000000000896766116
320981197908278816
32100219660323091X
362301198410135016
00188899
00335999
00391199
110108196505138216
110108198606122730
320113197401065221
320421196506250935
320802199304223011
320830199010233420
13382030085
13382302799
13586918897
13775531161
13776870535
13901085435
00538799
00588299
20028377
20356577
20625377
15261864711
15815552545
18682192622
140121198701158017
320682198211206614
00323699
13515277757
13951893871
18205659197
220502197110271032
320106197212022042
320223197012275573
00337599
00766599
00777799
20300077
20326677
20739177
340223198510210527
35012619680904411X
372502197310200022
410303196810251012
612731198808290034
00170899
320281199408268014
320322197706082230
320421196209083210
320421196704238419
320421197512238419
320882198911262861
13775178185
13955226670
15189012340
18267125870
18652375050
18951281551
N0000000-2054107789
00070999
00185799
00757599
00788099
20506977
N000000001144980036
18961262255
97710240736
320421196406293110
321087197910180017
340123198401170014
340521195610100114
13584593788
13605166548
13775080302
13901502995
13915032718
15396509993
511602198611083363
00590699
20103177
20119577
20565077
18996171000
321202198401120018
321281199002287830
340521199004095624
342601197610200730
410181198302045519
13501963965
13601636002
13775118628
13813501718
13851770296
13906103707
20722777
N000000001142516276
342601196304045010
00033699
00171099
00718699
00837399
20330077
15862989683
18344866339
18612618910
320111198410055211
320421197310048510
321020196407012715
13813688575
13813840206
13901420740
13901503023
13921077728
13921415002
340521198001025212
342601196809170618
342625198407110305
00662999
20121777
20202977
15850686360
18061711617
320501198212285074
320823197704120268
321028197212277217
331082198302023055
13824420887
13915173368
13955164364
15174072853
15715175915
230828197007250016
00536299
00698099
00718599
00952199
N000000001141981236
320114197711222110
32048319831117853X
330326198311126050
342425196909284815
00368199
00373699
13812324656
13855500927
13905550001
13906104065
18255322227
18652844188
00753699
20316077
320421197310167755
320483198701220940
320683198611037414
00565099
00589799
00606699
18656560133
18673621902
18915738308
320103198303251268
320123198109290218
320421197302228714
13013119228
13305193355
13382039107
13395556669
13771739588
13861507666
20123377
20139277
20312677
20389577
360102196812036373
37112219870822032X
00358599
00552299
00935599
20000377
320106197008150434
32042119660926853X
320421198005158531
320923198005305722
330327196905231859
340503197509050622
13865908318
13906142880
15651788037
15951934250
232330198602144024
320102197901082459
13305190725
13335656066
13807941526
13815933542
13899355969
18051088520
N0000000-2057074333
00696399
00897099
20322677
20500077
20500377
20680177
321088198107130521
342601199308011524
410111196711160018
610403198612102034
00395899
00559299
18616635800
132801196704083819
220282198705102633
320411197205180023
320421196702168517
320483198011068822
13575802797
13655179390
13962844550
15861059888
32048319900316099X
320684199210295923
20178277
20189977
20512777
20562877
20662677
N000000001141981060
32098119781106597X
340505196510090638
362401197007290527
00155999
00591799
20023077
13305412656
13586037190
13773330295
13914432238
13955576999
18602516811
20053177
20675577
33513166
00080299
00231599
00263999
00635799
00769099
00951299
18752629766
152323198610264057
320103198401271027
320104195503040812
340505195708110054
610422198212210510
13283773866
13506832289
13801432699
13813829226
15596888897
320102195403062827
00890799
20321777
20573277
20623377
330327198603231211
350322195907151059
372901198608011830
00072599
00262299
00360099
320104197308170020
32062119800302651X
320624197206270015
320722198810133655
320826198602263827
321024196501013816
13675878090
13775187638
13777424182
13851660980
13905559008
13952125200
00850999
332623197005040712
340202197811261022
340503197610180333
340821197007240134
610404196611261049
00320199
13966356533
15195808985
15801909667
320483198509243114
321183198201163825
321284198806113814
13635556767
13851877465
13855558979
13951033840
15063996111
15305717377
20588677
20650777
N0000000-2054064317
32010619741023242X
320303198510054612
330324197201173596
340503198705230254
440111198212022539
00797199
15869616668
15952334694
18761237222
18962057777
18962184683
142629198909211040
13588078315
13914701799
18119696333
18662715899
320106195005271610
320926198010281277
20633377
N0000000-2057119693
00877399
00907199
20112677
20235077
20288877
20322077
330183198602232810
330411199002284413
340504196802040126
00377299
00738099
00756999
13851293866
13851850191
18256505280
18626379164
18952303005
220122197909238114
20268577
20528877
321284198811056826
362121196602116819
622628199202153476
20010277
20063077
20159977
320106195409011647
320421196912178545
320421197112113625
321027199301257819
321081198312130315
321088198904246113
13309613166
13851529054
13851740829
13852982283
13913823443
13914548058
20510777
20625877
20693277
34050519630621002X
432424197405125458
00832999
20259077
20311777
20333877
13921046931
18600615045
320282199001184878
320826196910135617
321182198410194322
340504198912240646
15298638317
15801484812
15832960888
18618429478
18955859788
320404199609042220
622627198110041230
00138699
20025077
20289377
20622977
N000000001144577556
320421196409300910
320421196603018521
320882198806230732
321020195609100639
321081198007097213
340321197612170317
13656564366
13775721555
13921575666
15195811127
15961088126
142232198110260470
20397077
20682977
00150599
00152399
00167799
00191799
00778699
20168677
310104196903060815
320107194911201819
320481198712292445
320882198612152419
320921198901247169
34112719681230001X
13506142126
13818545846
13915085950
13951164008
13951692474
13955567198
00659299
00731899
20135377
20268177
20361977
20568377
321028196709183617
321281196911226177
340104199009251528
34222119950910208X
34260119920807021X
342626199001025419
15262975162
15365051442
15365094452
320103195204140016
320831198604180225
321028194803196212
18651800807
320423196601041616
320483197910158229
320623197702133670
320902196510221035
320925196403313115
00767899
20235377
20586177
20657577
20751277
320981198310261723
33022519760712287X
332603197001043419
342601196603090022
41132519850331291X
00515199
13061727191
13305233698
13357735433
13776830666
13812809719
13814836095
20537377
20579377
N0000000-2054461069
N0000000-2057108733
341282198508190011
350103199405031530
00506699
20026277
20129377
20332777
18297595555
130582198209260434
32091119890926151X
321284198711068037
33260319651025341x
341226198303061098
13861183011
13912686487
13961520333
15052981958
15851130222
15906639998
13637215519
13770809308
13772926654
320105195908140236
320211196408143411
321020197407050011
20152077
20201677
00211999
00331899
00669999
00791999
00808199
20121977
321026195804055018
330324196909226652
340504194110170019
342626195702160017
420682198111083059
612327199601030161
13451807059
13834473708
13855572990
13914443435
15298521388
15905659988
20337877
20578777
20635777
20675177
320421197002158515
340702195510235013
341181198202220212
00587699
00628799
00791699
18302903563
18326656599
18601141785
220102198508210814
320106198403290810
320421195406198530
13705206839
13705371368
13775616805
13851559028
13855342247
13905262507
00710599
00716999
20153877
20293877
20592377
342601197502221657
620102199312153618
00339599
00376999
00396299
00589599
13905552859
13961067666
15651657521
18691844699
18949607799
320102196909272439
13101887088
13305534259
13605165787
13616122555
13775628884
13851629663
50008288
N000000001142457268
00726999
00777399
00782399
00907399
20012977
20171977
331003198509030038
332627196801032319
340505196205190018
460002198906063222
00500999
00718299
13965542257
13966386033
15962758811
140426197809062811
230505196504100099
320102194110151645
13372236036
13685223883
13776697060
13801632041
13866751363
13951940407
20568577
N0000000-2057366749
00078299
00362399
00526299
00755799
20101377
20168177
13962700332
15950949590
18061713584
18955550999
220622197210232525
342625196711010158
13685187066
13770585591
13813166292
13855583903
13865219066
13961290812
1145834244
20122177
20161977
532625197710240736
00262699
00398899
00701899
00815599
00902199
320223196802044118
320302196212173618
321084197511261515
330127198902142920
330302197201164819
362502198906046217
15895909336
15951785364
18600193563
18761841608
320102196003110062
320103195205301766
13262880555
13400083089
13775072362
13857625607
13912341608
13999163358
20357077
20566277
20617177
20623877
50000588
N000000001143912644
00368899
00551199
00570899
00707999
00720399
20126977
15005264521
320103198805242548
332602197606021654
34260119800804002X
342626197203244119
612429197201132352
13599977192
13604956999
18651805122
18651850835
232025198801213533
320106196207121682
20586877
20622677
20653177
00877299
20176977
20209877
20280077
20328177
20513977
342625198312210581
610632198001053010
00367399
00389699
00553099
00736699
320421195909278559
320421196801183819
320624197109027574
320683198108200018
320704196303201025
330211195104130715
13511766333
13605550769
13776630296
13851822580
13913905393
13955561212
20720777
50001088
342423198907275276
360403196211220995
00352399
00889099
00902299
20612377
321282197509070072
321284198910100212
330329197801161232
340505196809231239
341181197806236034
342301196804161011
15852837085
18091852651
320201198401062519
320411198701197320
320411199509122518
320421197306058548
13866674455
15052335536
15675556262
18262303666
18357617666
18625173876
00502999
00729099
20157377
20210977
N000000001141766356
N000000001142227204
18651361968
310227197602154011
320421197508231310
440582198209226132
00331099
00359799
13020685999
13867998307
13952888588
18627019069
18662146688
320421197107018818
20676277
N0000000-2057089405
413026197603108876
00355199
00582199
00609999
00892699
20303077
321202199111193061
340504196310160017
340521197804053036
340702198004017519
341221198808014252
342422198709110810
13401304996
13770866647
13809047620
13815025487
15052851668
15122116058
20661877
N000000001142471876
N000000001142474228
00203799
00570099
00887299
20020377
20082077
20390377
15150550485
320281199301076514
342601196301301015
342601197411100219
342623196706288996
00203199